seconds,frame
1463710692.22,1
1463710692.25,2
1463710692.28,3
1463710692.31,4
1463710692.34,5
1463710692.37,6
1463710692.4,7
1463710692.43,8
1463710692.46,9
1463710692.49,10
1463710692.52,11
1463710692.56,12
1463710692.59,13
1463710692.62,14
1463710692.65,15
1463710692.68,16
1463710692.71,17
1463710692.74,18
1463710692.77,19
1463710692.8,20
1463710692.83,21
1463710692.87,22
1463710692.9,23
1463710692.93,24
1463710692.96,25
1463710692.99,26
1463710693.02,27
1463710693.05,28
1463710693.08,29
1463710693.11,30
1463710693.14,31
1463710693.18,32
1463710693.21,33
1463710693.24,34
1463710693.27,35
1463710693.3,36
1463710693.33,37
1463710693.36,38
1463710693.39,39
1463710693.42,40
1463710693.45,41
1463710693.49,42
1463710693.52,43
1463710693.55,44
1463710693.58,45
1463710693.61,46
1463710693.64,47
1463710693.67,48
1463710693.7,49
1463710693.73,50
1463710693.76,51
1463710693.8,52
1463710693.83,53
1463710693.86,54
1463710693.89,55
1463710693.92,56
1463710693.95,57
1463710693.98,58
1463710694.01,59
1463710694.04,60
1463710694.08,61
1463710694.11,62
1463710694.14,63
1463710694.17,64
1463710694.2,65
1463710694.23,66
1463710694.26,67
1463710694.29,68
1463710694.32,69
1463710694.35,70
1463710694.38,71
1463710694.42,72
1463710694.45,73
1463710694.48,74
1463710694.51,75
1463710694.54,76
1463710694.57,77
1463710694.6,78
1463710694.63,79
1463710694.66,80
1463710694.69,81
1463710694.73,82
1463710694.76,83
1463710694.79,84
1463710694.82,85
1463710694.85,86
1463710694.88,87
1463710694.91,88
1463710694.94,89
1463710694.97,90
1463710695.0,91
1463710695.04,92
1463710695.07,93
1463710695.1,94
1463710695.13,95
1463710695.16,96
1463710695.19,97
1463710695.22,98
1463710695.25,99
1463710695.28,100
1463710695.31,101
1463710695.35,102
1463710695.38,103
1463710695.41,104
1463710695.44,105
1463710695.47,106
1463710695.5,107
1463710695.53,108
1463710695.56,109
1463710695.59,110
1463710695.62,111
1463710695.66,112
1463710695.69,113
1463710695.72,114
1463710695.75,115
1463710695.78,116
1463710695.81,117
1463710695.84,118
1463710695.87,119
1463710695.9,120
1463710695.93,121
1463710695.97,122
1463710696.0,123
1463710696.03,124
1463710696.06,125
1463710696.09,126
1463710696.12,127
1463710696.15,128
1463710696.18,129
1463710696.21,130
1463710696.24,131
1463710696.28,132
1463710696.31,133
1463710696.34,134
1463710696.37,135
1463710696.4,136
1463710696.43,137
1463710696.46,138
1463710696.49,139
1463710696.52,140
1463710696.55,141
1463710696.59,142
1463710696.62,143
1463710696.65,144
1463710696.68,145
1463710696.71,146
1463710696.74,147
1463710696.77,148
1463710696.8,149
1463710696.83,150
1463710696.86,151
1463710696.9,152
1463710696.93,153
1463710696.96,154
1463710696.99,155
1463710697.02,156
1463710697.05,157
1463710697.08,158
1463710697.11,159
1463710697.14,160
1463710697.17,161
1463710697.21,162
1463710697.24,163
1463710697.27,164
1463710697.3,165
1463710697.33,166
1463710697.36,167
1463710697.39,168
1463710697.42,169
1463710697.45,170
1463710697.48,171
1463710697.52,172
1463710697.55,173
1463710697.58,174
1463710697.61,175
1463710697.64,176
1463710697.67,177
1463710697.7,178
1463710697.73,179
1463710697.76,180
1463710697.79,181
1463710697.83,182
1463710697.86,183
1463710697.89,184
1463710697.92,185
1463710697.95,186
1463710697.98,187
1463710698.01,188
1463710698.04,189
1463710698.07,190
1463710698.1,191
1463710698.14,192
1463710698.17,193
1463710698.2,194
1463710698.23,195
1463710698.26,196
1463710698.29,197
1463710698.32,198
1463710698.35,199
1463710698.38,200
1463710698.41,201
1463710698.45,202
1463710698.48,203
1463710698.51,204
1463710698.54,205
1463710698.57,206
1463710698.6,207
1463710698.63,208
1463710698.66,209
1463710698.69,210
1463710698.72,211
1463710698.76,212
1463710698.79,213
1463710698.82,214
1463710698.85,215
1463710698.88,216
1463710698.91,217
1463710698.94,218
1463710698.97,219
1463710699.0,220
1463710699.03,221
1463710699.07,222
1463710699.1,223
1463710699.13,224
1463710699.16,225
1463710699.19,226
1463710699.22,227
1463710699.25,228
1463710699.28,229
1463710699.31,230
1463710699.34,231
1463710699.38,232
1463710699.41,233
1463710699.44,234
1463710699.47,235
1463710699.5,236
1463710699.53,237
1463710699.56,238
1463710699.59,239
1463710699.62,240
1463710699.65,241
1463710699.69,242
1463710699.72,243
1463710699.75,244
1463710699.78,245
1463710699.81,246
1463710699.84,247
1463710699.87,248
1463710699.9,249
1463710699.93,250
1463710699.96,251
1463710700.0,252
1463710700.03,253
1463710700.06,254
1463710700.09,255
1463710700.12,256
1463710700.15,257
1463710700.18,258
1463710700.21,259
1463710700.24,260
1463710700.27,261
1463710700.31,262
1463710700.34,263
1463710700.37,264
1463710700.4,265
1463710700.43,266
1463710700.46,267
1463710700.49,268
1463710700.52,269
1463710700.55,270
1463710700.58,271
1463710700.62,272
1463710700.65,273
1463710700.68,274
1463710700.71,275
1463710700.74,276
1463710700.77,277
1463710700.8,278
1463710700.83,279
1463710700.86,280
1463710700.89,281
1463710700.93,282
1463710700.96,283
1463710700.99,284
1463710701.02,285
1463710701.05,286
1463710701.08,287
1463710701.11,288
1463710701.14,289
1463710701.17,290
1463710701.2,291
1463710701.24,292
1463710701.27,293
1463710701.3,294
1463710701.33,295
1463710701.36,296
1463710701.39,297
1463710701.42,298
1463710701.45,299
1463710701.48,300
1463710701.51,301
1463710701.55,302
1463710701.58,303
1463710701.61,304
1463710701.64,305
1463710701.67,306
1463710701.7,307
1463710701.73,308
1463710701.76,309
1463710701.79,310
1463710701.82,311
1463710701.86,312
1463710701.89,313
1463710701.92,314
1463710701.95,315
1463710701.98,316
1463710702.01,317
1463710702.04,318
1463710702.07,319
1463710702.1,320
1463710702.13,321
1463710702.17,322
1463710702.2,323
1463710702.23,324
1463710702.26,325
1463710702.29,326
1463710702.32,327
1463710702.35,328
1463710702.38,329
1463710702.41,330
1463710702.44,331
1463710702.48,332
1463710702.51,333
1463710702.54,334
1463710702.57,335
1463710702.6,336
1463710702.63,337
1463710702.66,338
1463710702.69,339
1463710702.72,340
1463710702.75,341
1463710702.79,342
1463710702.82,343
1463710702.85,344
1463710702.88,345
1463710702.91,346
1463710702.94,347
1463710702.97,348
1463710703.0,349
1463710703.03,350
1463710703.06,351
1463710703.1,352
1463710703.13,353
1463710703.16,354
1463710703.19,355
1463710703.22,356
1463710703.25,357
1463710703.28,358
1463710703.31,359
1463710703.34,360
1463710703.37,361
1463710703.41,362
1463710703.44,363
1463710703.47,364
1463710703.5,365
1463710703.53,366
1463710703.56,367
1463710703.59,368
1463710703.62,369
1463710703.65,370
1463710703.68,371
1463710703.72,372
1463710703.75,373
1463710703.78,374
1463710703.81,375
1463710703.84,376
1463710703.87,377
1463710703.9,378
1463710703.93,379
1463710703.96,380
1463710703.99,381
1463710704.03,382
1463710704.06,383
1463710704.09,384
1463710704.12,385
1463710704.15,386
1463710704.18,387
1463710704.21,388
1463710704.24,389
1463710704.27,390
1463710704.3,391
1463710704.34,392
1463710704.37,393
1463710704.4,394
1463710704.43,395
1463710704.46,396
1463710704.49,397
1463710704.52,398
1463710704.55,399
1463710704.58,400
1463710704.61,401
1463710704.65,402
1463710704.68,403
1463710704.71,404
1463710704.74,405
1463710704.77,406
1463710704.8,407
1463710704.83,408
1463710704.86,409
1463710704.89,410
1463710704.92,411
1463710704.96,412
1463710704.99,413
1463710705.02,414
1463710705.05,415
1463710705.08,416
1463710705.11,417
1463710705.14,418
1463710705.17,419
1463710705.2,420
1463710705.23,421
1463710705.27,422
1463710705.3,423
1463710705.33,424
1463710705.36,425
1463710705.39,426
1463710705.42,427
1463710705.45,428
1463710705.48,429
1463710705.51,430
1463710705.54,431
1463710705.58,432
1463710705.61,433
1463710705.64,434
1463710705.67,435
1463710705.7,436
1463710705.73,437
1463710705.76,438
1463710705.79,439
1463710705.82,440
1463710705.85,441
1463710705.89,442
1463710705.92,443
1463710705.95,444
1463710705.98,445
1463710706.01,446
1463710706.04,447
1463710706.07,448
1463710706.1,449
1463710706.13,450
1463710706.16,451
1463710706.2,452
1463710706.23,453
1463710706.26,454
1463710706.29,455
1463710706.32,456
1463710706.35,457
1463710706.38,458
1463710706.41,459
1463710706.44,460
1463710706.47,461
1463710706.51,462
1463710706.54,463
1463710706.57,464
1463710706.6,465
1463710706.63,466
1463710706.66,467
1463710706.69,468
1463710706.72,469
1463710706.75,470
1463710706.78,471
1463710706.82,472
1463710706.85,473
1463710706.88,474
1463710706.91,475
1463710706.94,476
1463710706.97,477
1463710707.0,478
1463710707.03,479
1463710707.06,480
1463710707.09,481
1463710707.13,482
1463710707.16,483
1463710707.19,484
1463710707.22,485
1463710707.25,486
1463710707.28,487
1463710707.31,488
1463710707.34,489
1463710707.37,490
1463710707.4,491
1463710707.44,492
1463710707.47,493
1463710707.5,494
1463710707.53,495
1463710707.56,496
1463710707.59,497
1463710707.62,498
1463710707.65,499
1463710707.68,500
1463710707.71,501
1463710707.75,502
1463710707.78,503
1463710707.81,504
1463710707.84,505
1463710707.87,506
1463710707.9,507
1463710707.93,508
1463710707.96,509
1463710707.99,510
1463710708.02,511
1463710708.06,512
1463710708.09,513
1463710708.12,514
1463710708.15,515
1463710708.18,516
1463710708.21,517
1463710708.24,518
1463710708.27,519
1463710708.3,520
1463710708.33,521
1463710708.37,522
1463710708.4,523
1463710708.43,524
1463710708.46,525
1463710708.49,526
1463710708.52,527
1463710708.55,528
1463710708.58,529
1463710708.61,530
1463710708.64,531
1463710708.68,532
1463710708.71,533
1463710708.74,534
1463710708.77,535
1463710708.8,536
1463710708.83,537
1463710708.86,538
1463710708.89,539
1463710708.92,540
1463710708.95,541
1463710708.99,542
1463710709.02,543
1463710709.05,544
1463710709.08,545
1463710709.11,546
1463710709.14,547
1463710709.17,548
1463710709.2,549
1463710709.23,550
1463710709.26,551
1463710709.3,552
1463710709.33,553
1463710709.36,554
1463710709.39,555
1463710709.42,556
1463710709.45,557
1463710709.48,558
1463710709.51,559
1463710709.54,560
1463710709.57,561
1463710709.61,562
1463710709.64,563
1463710709.67,564
1463710709.7,565
1463710709.73,566
1463710709.76,567
1463710709.79,568
1463710709.82,569
1463710709.85,570
1463710709.88,571
1463710709.92,572
1463710709.95,573
1463710709.98,574
1463710710.01,575
1463710710.04,576
1463710710.07,577
1463710710.1,578
1463710710.13,579
1463710710.16,580
1463710710.19,581
1463710710.23,582
1463710710.26,583
1463710710.29,584
1463710710.32,585
1463710710.35,586
1463710710.38,587
1463710710.41,588
1463710710.44,589
1463710710.47,590
1463710710.5,591
1463710710.54,592
1463710710.57,593
1463710710.6,594
1463710710.63,595
1463710710.66,596
1463710710.69,597
1463710710.72,598
1463710710.75,599
